nodes [
  [ 0, 141, 163, 64 ],   [ 1, 197, 219, 112 ],
  [ 2, 141, 171, 160 ],  [ 3, 301, 403, 192 ],
  [ 4, 421, 499, 192 ],  [ 5, 141, 179, 208 ],
  [ 6, 141, 219, 256 ],  [ 7, 237, 275, 288 ],
  [ 8, 333, 363, 304 ],  [ 9, 309, 387, 352 ],
  [ 10, 237, 283, 400 ], [ 11, 213, 243, 448 ],
  [ 12, 189, 211, 496 ], [ 13, 389, 403, 512 ],
  [ 14, 421, 467, 512 ], [ 15, 133, 187, 544 ],
  [ 16, 133, 155, 576 ], [ 17, 165, 203, 592 ],
  [ 18, 77, 107, 640 ],  [ 19, 125, 155, 640 ],
  [ 20, 77, 179, 688 ],  [ 21, 189, 259, 704 ],
  [ 22, 269, 347, 720 ], [ 23, 357, 435, 728 ]
]
up null
down 2
